 4.08595645e-01 9.69141865e-02 7.18746766e-02 3.39700590e-02 2.57359141e-02 3.89819558e-02 6.97897246e-02 5.31736480e-02 1.75014917e-01 2.59492731e-02
 4.66202650e-01 9.53524881e-02 6.89539034e-02 3.01794619e-02 2.60384172e-02 2.95970971e-02 6.58454787e-02 4.44831885e-02 1.50900476e-01 2.24468385e-02
 4.26727359e-01 1.01169039e-01 6.82621195e-02 3.32052859e-02 2.55910787e-02 3.53054658e-02 6.77793253e-02 5.00437521e-02 1.65891431e-01 2.60251436e-02
 4.47458732e-01 1.01208832e-01 6.65372193e-02 3.31784312e-02 2.58581008e-02 3.16614311e-02 6.49718074e-02 4.91526989e-02 1.54753315e-01 2.52194326e-02
 4.29983032e-01 1.16526351e-01 6.45057685e-02 3.33520374e-02 2.44009563e-02 3.14175513e-02 7.48005946e-02 4.66966257e-02 1.51992707e-01 2.63243756e-02
 4.86220099e-01 8.17765527e-02 6.97150634e-02 3.25695166e-02 2.71630681e-02 2.63538614e-02 5.91094447e-02 4.20395959e-02 1.50999186e-01 2.40536127e-02
 3.65472041e-01 8.91547961e-02 1.05727254e-01 3.64482889e-02 4.24483711e-02 3.25188608e-02 7.64520339e-02 4.86668409e-02 1.78645528e-01 2.44659857e-02
 4.02027893e-01 1.26239235e-01 6.61750582e-02 4.60143798e-02 3.39731043e-02 2.54675238e-02 6.25463286e-02 5.36418447e-02 1.49904814e-01 3.40098193e-02
 2.60979583e-01 1.56768459e-01 7.12466694e-02 7.74423388e-02 5.90599755e-02 2.99029163e-02 6.19258990e-02 7.00142365e-02 1.55830850e-01 5.68290721e-02
 4.21413989e-01 1.17320017e-01 6.28013586e-02 4.07648418e-02 3.58990421e-02 2.67074521e-02 5.75001422e-02 5.23661099e-02 1.54317392e-01 3.09096552e-02
 1.03493452e-01 3.85499155e-01 5.36080476e-02 5.78117387e-02 3.83208471e-02 3.08439625e-02 7.86207643e-02 1.05989795e-01 9.53120361e-02 5.05002011e-02
 1.05489921e-01 3.90283666e-01 6.29459156e-02 4.85507022e-02 3.28203683e-02 3.08382931e-02 8.96310965e-02 9.49470350e-02 1.05663274e-01 3.88297281e-02
 8.71762484e-02 1.19471179e-01 1.48922586e-01 6.44022313e-02 8.90051118e-02 1.00509042e-01 1.23728123e-01 9.87418062e-02 1.30303772e-01 3.77399013e-02
 9.17266665e-02 1.86571687e-01 1.20972189e-01 5.22605897e-02 4.98329069e-02 8.25496258e-02 1.47224521e-01 1.06030114e-01 1.28979923e-01 3.38517771e-02
 1.10342105e-01 3.90005273e-01 5.31626781e-02 5.39763610e-02 3.21670290e-02 3.01932215e-02 8.23596675e-02 1.02859002e-01 9.75235166e-02 4.74111459e-02
 7.05392933e-02 1.06956328e-01 1.17555199e-01 3.08412651e-02 3.36123540e-02 2.49193927e-01 1.53715602e-01 9.82408293e-02 1.18604036e-01 2.07411676e-02
 1.03340304e-01 3.89825981e-01 5.21801020e-02 5.58291186e-02 3.31218186e-02 3.31441472e-02 8.17311395e-02 1.09233671e-01 9.40425138e-02 4.75512041e-02
 7.80804763e-02 2.54123289e-01 5.57521217e-02 1.19578945e-01 5.19718818e-02 5.33954883e-02 7.82152673e-02 1.18933167e-01 9.31409647e-02 9.68083990e-02
 1.01995577e-01 3.49453851e-01 7.29611912e-02 4.93227057e-02 3.03664448e-02 4.01515246e-02 1.11716288e-01 9.43135897e-02 1.11901917e-01 3.78169119e-02
 8.32486015e-02 2.85422105e-01 8.33042997e-02 6.29315940e-02 6.19022623e-02 5.22336826e-02 9.30125034e-02 1.34559408e-01 1.00924702e-01 4.24608426e-02
 5.46508074e-02 7.12016152e-02 3.09292208e-01 4.19837429e-02 6.14419218e-02 1.04067425e-01 1.05283382e-01 9.73255337e-02 1.29401692e-01 2.53516727e-02
 5.42171557e-02 5.79985957e-02 2.81561828e-01 3.49125562e-02 7.42388477e-02 1.39067073e-01 1.62557343e-01 6.90428306e-02 1.07655098e-01 1.87486725e-02
 5.57214496e-02 7.19936054e-02 2.52882647e-01 3.20770491e-02 7.08792100e-02 1.67446683e-01 1.22046985e-01 9.69016415e-02 1.12135158e-01 1.79155711e-02
 5.36054322e-02 6.20012226e-02 3.12686478e-01 3.71784469e-02 6.49459489e-02 1.27779745e-01 1.25511820e-01 8.85315334e-02 1.07324575e-01 2.04347982e-02
 5.11790378e-02 6.88784052e-02 3.01893685e-01 3.95459573e-02 5.57391071e-02 1.28906009e-01 1.25506817e-01 9.82712638e-02 1.07592800e-01 2.24869183e-02
 5.95199132e-02 6.66975988e-02 2.41120690e-01 3.88290402e-02 5.35852234e-02 1.32206412e-01 1.90503977e-01 7.75399026e-02 1.19302895e-01 2.06943483e-02
 5.89246014e-02 1.01114683e-01 2.76611854e-01 4.47837891e-02 4.48124540e-02 7.77719311e-02 1.31381918e-01 1.01565984e-01 1.34708364e-01 2.83244214e-02
 7.44592973e-02 1.16944103e-01 2.03928729e-01 5.67913310e-02 3.20447377e-02 6.48562018e-02 1.36012868e-01 8.85950440e-02 1.81670604e-01 4.46970842e-02
 8.31531400e-02 1.54383625e-01 1.76692865e-01 5.24090753e-02 3.44863504e-02 5.80859808e-02 1.34319442e-01 9.74512133e-02 1.68585713e-01 4.04325951e-02
 5.06911754e-02 5.31730561e-02 3.17317254e-01 3.36554261e-02 7.63732423e-02 1.47145232e-01 1.22099009e-01 7.19618661e-02 1.08114812e-01 1.94689268e-02
 3.06753689e-02 4.49626660e-02 3.23452488e-02 3.12472709e-01 2.25918142e-02 2.24705576e-02 2.67178265e-02 7.39485692e-02 4.99868178e-02 3.83828422e-01
 6.51093142e-02 7.63693615e-02 1.59371067e-01 1.33624335e-01 6.94328478e-02 6.87101067e-02 8.26475917e-02 1.41443882e-01 1.40763625e-01 6.25278696e-02
 3.48797316e-02 5.44943198e-02 4.79090130e-02 3.89535654e-01 3.76550732e-02 3.10302878e-02 3.89408254e-02 8.74840583e-02 6.06042357e-02 2.17466802e-01
 4.36454624e-02 7.19937514e-02 4.56322068e-02 3.10872422e-01 2.89843950e-02 2.98027836e-02 4.46669921e-02 8.31450033e-02 6.95757423e-02 2.71681241e-01
 3.56401929e-02 5.34428053e-02 4.02585567e-02 3.77713218e-01 4.37571139e-02 2.24860564e-02 2.70169762e-02 9.06995105e-02 5.65404090e-02 2.52445161e-01
 3.88379027e-02 6.82370937e-02 3.72991678e-02 3.08414561e-01 2.96938324e-02 2.63194575e-02 3.69016996e-02 8.53216458e-02 6.19163808e-02 3.07058258e-01
 8.02788776e-02 9.44631311e-02 7.46261412e-02 1.63727915e-01 2.75734305e-02 4.47669496e-02 6.71782310e-02 1.18712793e-01 1.32401992e-01 1.96270539e-01
 6.58753013e-02 8.37064097e-02 6.32646312e-02 1.86522270e-01 3.40659619e-02 5.50387827e-02 6.53471798e-02 8.72049725e-02 1.23110761e-01 2.35863730e-01
 3.56231118e-02 5.79509326e-02 4.16030538e-02 3.54076611e-01 3.46982345e-02 3.41874581e-02 3.70188619e-02 9.74948979e-02 5.95556583e-02 2.47791180e-01
 6.33526654e-02 8.70521762e-02 6.23877143e-02 2.34093036e-01 3.51004686e-02 6.55035969e-02 7.02003201e-02 1.26595902e-01 9.74225242e-02 1.58291596e-01
 7.83921675e-02 6.92430504e-02 1.48229271e-01 4.71373773e-02 2.87124550e-01 9.61784198e-02 6.60038155e-02 8.94492527e-02 9.26548910e-02 2.55872040e-02
 5.25888365e-02 9.63846269e-02 9.03372652e-02 8.14042216e-02 2.90580149e-01 8.51020531e-02 9.03409857e-02 8.62408213e-02 8.24399876e-02 4.45810535e-02
 6.13421970e-02 5.50274428e-02 1.49676666e-01 4.33663734e-02 3.01341201e-01 1.31278802e-01 5.97493702e-02 9.45943420e-02 8.09402116e-02 2.26833942e-02
 9.56577650e-02 1.57728666e-01 1.04398570e-01 5.53443189e-02 1.14205633e-01 9.83324687e-02 1.08375552e-01 1.27274037e-01 1.07293695e-01 3.13892938e-02
 8.37886662e-02 7.46982301e-02 1.62330778e-01 5.50942325e-02 2.06656255e-01 1.11287269e-01 5.74728618e-02 1.13553960e-01 1.03193724e-01 3.19240230e-02
 5.59908919e-02 5.84795029e-02 1.72705854e-01 5.16598859e-02 1.96433378e-01 1.76763248e-01 6.68476836e-02 1.02864362e-01 8.92603697e-02 2.89948242e-02
 6.01148821e-02 5.83301494e-02 1.54246933e-01 4.20821663e-02 2.68698598e-01 1.45836949e-01 8.43491256e-02 8.26440201e-02 8.28862205e-02 2.08109564e-02
 3.57642167e-02 4.17349238e-02 7.91615450e-02 6.01281445e-02 5.48363009e-01 5.22546892e-02 3.93875158e-02 6.43351102e-02 4.93113715e-02 2.95594742e-02
 5.50636976e-02 6.26377093e-02 1.07744176e-01 5.90153936e-02 3.53024778e-01 1.11659914e-01 6.00898706e-02 8.63912723e-02 7.41847100e-02 3.01884788e-02
 8.30420433e-02 5.90966764e-02 1.67273091e-01 4.62986096e-02 1.39476176e-01 1.99728665e-01 7.15955025e-02 1.06653454e-01 9.87733815e-02 2.80623999e-02
 3.23299989e-02 4.23186199e-02 1.20540464e-01 3.14782859e-02 6.34980797e-02 4.55492215e-01 9.63264583e-02 6.48392437e-02 7.51021843e-02 1.80744510e-02
 3.05383675e-02 3.78658240e-02 9.96526537e-02 2.48919033e-02 4.82737128e-02 5.29595202e-01 9.24776494e-02 5.34549575e-02 6.81247309e-02 1.51249987e-02
 4.12740355e-02 4.70234091e-02 1.26622288e-01 5.03582507e-02 1.33720249e-01 3.12739686e-01 1.07614820e-01 6.68877767e-02 8.76892926e-02 2.60701923e-02
 3.87842220e-02 4.83895386e-02 1.41955836e-01 4.14457838e-02 7.02420555e-02 3.64892749e-01 1.11991259e-01 6.43190864e-02 9.34564247e-02 2.45230450e-02
 3.34877823e-02 3.92840921e-02 1.10639779e-01 3.20392386e-02 6.88414780e-02 4.68326330e-01 1.00491833e-01 5.18933700e-02 7.60319402e-02 1.89641569e-02
 5.11435675e-02 7.72060008e-02 1.24385230e-01 1.12898566e-01 6.55219204e-02 1.68603957e-01 1.01107318e-01 1.05622226e-01 1.19744706e-01 7.37665074e-02
 4.59708335e-02 7.43818785e-02 1.12816356e-01 8.73550337e-02 5.68273298e-02 2.39785486e-01 1.16667891e-01 9.90857815e-02 1.12381722e-01 5.47276885e-02
 3.00001024e-02 4.33114507e-02 9.45188549e-02 2.28046236e-02 4.02120439e-02 5.27931250e-01 1.04415452e-01 5.51768842e-02 6.75687863e-02 1.40605524e-02
 3.35462900e-02 4.00262839e-02 1.01315283e-01 2.26101307e-02 5.59332617e-02 4.99244942e-01 1.13118710e-01 5.15325340e-02 6.96105979e-02 1.30619667e-02
 3.07947967e-02 4.60009000e-02 1.04082821e-01 2.97043992e-02 4.39940971e-02 4.86092279e-01 1.05423158e-01 6.17173005e-02 7.45757822e-02 1.76144661e-02
 5.39588577e-02 7.72009825e-02 1.16890281e-01 3.37640379e-02 2.94784181e-02 1.81616618e-01 3.19569353e-01 5.31770506e-02 1.12635650e-01 2.17087520e-02
 7.88655784e-02 7.87218907e-02 1.21602697e-01 4.27635117e-02 4.74890406e-02 1.63832107e-01 2.51611713e-01 6.31329484e-02 1.26501769e-01 2.54787447e-02
 6.32642837e-02 8.42886633e-02 1.25067101e-01 3.35824717e-02 3.57996469e-02 9.48991827e-02 3.82340272e-01 4.32354826e-02 1.17106298e-01 2.04165974e-02
 5.33714383e-02 1.27822472e-01 1.70556523e-01 4.69447393e-02 3.91216145e-02 1.12983277e-01 2.16449588e-01 7.76088927e-02 1.23285053e-01 3.18564036e-02
 6.85514865e-02 8.16892637e-02 1.77828152e-01 3.29490366e-02 6.78941822e-02 1.02587022e-01 2.80484337e-01 4.75845873e-02 1.22175723e-01 1.82562101e-02
 7.26770990e-02 9.78717351e-02 1.18735445e-01 4.01569537e-02 3.07684793e-02 7.72047416e-02 3.57459460e-01 4.75072380e-02 1.31870760e-01 2.57480896e-02
 7.49518698e-02 9.35545467e-02 1.56241290e-01 4.28354519e-02 5.19880142e-02 8.07349251e-02 2.90400569e-01 5.33702444e-02 1.31367929e-01 2.45551599e-02
 8.21467740e-02 1.19498235e-01 1.14284870e-01 5.54819344e-02 3.11146072e-02 6.85373001e-02 2.88690660e-01 5.90782000e-02 1.44167696e-01 3.69997237e-02
 9.95120906e-02 1.35024462e-01 1.01609320e-01 3.68684775e-02 3.63531734e-02 6.50251087e-02 3.03514749e-01 4.96851947e-02 1.48955673e-01 2.34517510e-02
 8.30355647e-02 9.75745859e-02 1.22503089e-01 3.21530203e-02 4.56816255e-02 1.07536477e-01 3.04396288e-01 5.11087516e-02 1.37174827e-01 1.88357716e-02
 5.66286173e-02 7.74874203e-02 1.48021965e-01 6.86070455e-02 1.36785837e-01 8.79780500e-02 5.44553660e-02 2.34066961e-01 9.80228371e-02 3.79459006e-02
 5.42091715e-02 9.07568958e-02 1.01476007e-01 1.59493174e-01 7.22295297e-02 4.93555385e-02 4.98146714e-02 2.12030711e-01 1.07691437e-01 1.02942864e-01
 6.08692957e-02 7.78421893e-02 1.72605062e-01 4.75978579e-02 1.34051666e-01 1.32579229e-01 7.17845797e-02 1.81658243e-01 9.53908535e-02 2.56210242e-02
 6.68760377e-02 1.42374021e-01 5.89759109e-02 1.16016379e-01 3.38573130e-02 4.01309539e-02 5.08303646e-02 3.15363093e-01 9.11713627e-02 8.44045644e-02
 5.87331133e-02 8.44613259e-02 1.57743810e-01 5.62892604e-02 1.10491510e-01 1.30894482e-01 7.14434864e-02 2.07086259e-01 9.30128629e-02 2.98438897e-02
 6.35683120e-02 1.25796634e-01 6.85988695e-02 1.18191326e-01 3.71031207e-02 3.80521120e-02 5.05715476e-02 3.33519916e-01 8.89133300e-02 7.56848323e-02
 7.05641922e-02 1.44541452e-01 5.85276335e-02 1.67779706e-01 3.71475197e-02 2.88544786e-02 4.84931272e-02 1.74789823e-01 1.00790335e-01 1.68511733e-01
 7.90369765e-02 9.34170683e-02 1.62034609e-01 6.45682098e-02 9.27141131e-02 8.93425924e-02 6.07004465e-02 1.91034595e-01 1.25135143e-01 4.20162459e-02
 8.80382206e-02 1.10818737e-01 1.60727250e-01 5.40720358e-02 5.54943089e-02 8.49013785e-02 6.93044076e-02 2.08461853e-01 1.32047819e-01 3.61339894e-02
 5.60805247e-02 8.79730995e-02 1.30060392e-01 8.74325487e-02 8.37854721e-02 7.54602344e-02 6.29804421e-02 2.63618477e-01 1.04718120e-01 4.78906898e-02
 1.33057790e-01 8.39582781e-02 1.24729155e-01 8.91382809e-02 2.84508970e-02 5.06903244e-02 7.56749522e-02 1.21149338e-01 2.25727652e-01 6.74233322e-02
 1.82628425e-01 7.90099890e-02 1.47564019e-01 4.62902575e-02 3.06286367e-02 4.87921789e-02 7.97733583e-02 8.12600946e-02 2.70231852e-01 3.38211898e-02
 2.72155307e-01 1.51683552e-01 7.66952906e-02 5.80420405e-02 2.32764055e-02 2.92901798e-02 9.29275440e-02 6.40157365e-02 1.80167154e-01 5.17467894e-02
 1.56030720e-01 7.79556002e-02 1.15230320e-01 9.68092529e-02 3.89468780e-02 3.93630192e-02 6.63702644e-02 6.85072516e-02 2.56434111e-01 8.43525831e-02
 1.38628312e-01 6.96241463e-02 1.80798643e-01 7.20517214e-02 4.67414293e-02 4.69250669e-02 6.51853339e-02 8.99678213e-02 2.39923136e-01 5.01543908e-02
 1.38307435e-01 1.57074037e-01 1.01586425e-01 6.49971316e-02 3.30735359e-02 8.25566528e-02 1.17945108e-01 9.68644327e-02 1.61762761e-01 4.58324806e-02
 1.03864575e-01 7.76494903e-02 2.46871406e-01 4.11164775e-02 7.09668203e-02 5.77554066e-02 1.26533398e-01 5.89019612e-02 1.92622629e-01 2.37178361e-02
 1.04992708e-01 1.58262976e-01 1.07322581e-01 4.33275772e-02 2.70859622e-02 1.16685862e-01 1.69462877e-01 8.60199695e-02 1.54347908e-01 3.24915803e-02
 1.13371335e-01 8.32969386e-02 1.49443092e-01 7.47900836e-02 3.75803114e-02 8.55372863e-02 7.23940022e-02 1.36589402e-01 1.92314849e-01 5.46827002e-02
 1.43981435e-01 8.03646166e-02 1.25269112e-01 5.40301099e-02 2.82221477e-02 8.01037593e-02 8.92673166e-02 7.55422484e-02 2.81319109e-01 4.19001454e-02
 3.04011264e-02 3.59763029e-02 3.19266222e-02 2.35387699e-01 2.29903765e-02 1.82867524e-02 2.04497365e-02 6.17357372e-02 5.11257510e-02 4.91719896e-01
 4.33373298e-02 4.05239997e-02 4.34047676e-02 2.52333373e-01 2.65939932e-02 2.63750267e-02 2.84072203e-02 6.30204103e-02 6.96477488e-02 4.06356131e-01
 7.73424066e-02 6.18913491e-02 7.70122189e-02 1.83958493e-01 3.54973547e-02 5.24663500e-02 4.64095763e-02 1.17459525e-01 1.24460775e-01 2.23501952e-01
 8.61695390e-02 7.71945850e-02 1.20642380e-01 8.44302767e-02 4.23365553e-02 1.09075501e-01 6.58487384e-02 1.55762005e-01 1.85391407e-01 7.31490125e-02
 9.39161038e-02 8.50994679e-02 1.43039414e-01 6.53911412e-02 4.08681591e-02 9.54899119e-02 6.59250259e-02 1.87711985e-01 1.68867306e-01 5.36914855e-02
 3.49414264e-02 4.93385147e-02 3.06725573e-02 2.24545452e-01 2.01045581e-02 2.10182161e-02 2.57685919e-02 6.34441940e-02 5.33863603e-02 4.76780129e-01
 4.50816473e-02 3.99840213e-02 4.92318798e-02 2.41001071e-01 3.24853984e-02 2.79130264e-02 2.79767711e-02 6.90630606e-02 7.82120208e-02 3.89051103e-01
 5.85702699e-02 8.88720669e-02 5.37981157e-02 1.89713216e-01 2.46136014e-02 4.73786017e-02 5.09850537e-02 1.34593344e-01 8.62593105e-02 2.65216420e-01
 8.60584317e-02 9.02277871e-02 1.27011936e-01 5.92042909e-02 3.34079085e-02 1.43567284e-01 8.36550318e-02 1.74389102e-01 1.53178114e-01 4.93001141e-02
 8.15344379e-02 1.05972706e-01 1.10591998e-01 7.20810807e-02 3.10906842e-02 1.15114030e-01 7.83216021e-02 2.10436032e-01 1.29676933e-01 6.51804962e-02
