 4.60525070e-01 9.11272043e-02 6.41757594e-02 2.73766822e-02 2.00897816e-02 3.19248856e-02 6.19566380e-02 4.66493156e-02 1.76293755e-01 1.98809078e-02
 5.26526744e-01 8.88290923e-02 5.99011479e-02 2.36758298e-02 2.00904675e-02 2.32009725e-02 5.75164313e-02 3.76628442e-02 1.45899808e-01 1.66966624e-02
 4.82089193e-01 9.79821151e-02 5.96579694e-02 2.66751325e-02 1.99268071e-02 2.81735056e-02 6.03213727e-02 4.31637920e-02 1.61951846e-01 2.00582663e-02
 5.03884688e-01 9.61479205e-02 5.81893728e-02 2.63559613e-02 2.01905399e-02 2.54809996e-02 5.72105098e-02 4.24604564e-02 1.51005157e-01 1.90743949e-02
 4.82980440e-01 1.13835096e-01 5.65024979e-02 2.68580985e-02 1.90469992e-02 2.49722668e-02 6.74356099e-02 4.01498612e-02 1.48031306e-01 2.01878247e-02
 5.48152017e-01 7.50893187e-02 6.06120999e-02 2.56781069e-02 2.13538023e-02 2.04274738e-02 5.09166243e-02 3.56000414e-02 1.44215358e-01 1.79551573e-02
 4.09197921e-01 8.60522215e-02 9.70497219e-02 3.01428019e-02 3.42972943e-02 2.62095477e-02 7.13441607e-02 4.26348529e-02 1.83917145e-01 1.91543333e-02
 4.47463142e-01 1.25894232e-01 5.86393413e-02 3.93191449e-02 2.78517092e-02 2.02755298e-02 5.67934792e-02 4.77142516e-02 1.48517329e-01 2.75318413e-02
 2.84495273e-01 1.55416536e-01 6.57966071e-02 7.61194522e-02 5.34523953e-02 2.55106788e-02 5.57865651e-02 6.61825963e-02 1.64287071e-01 5.29528251e-02
 4.75517941e-01 1.12585321e-01 5.46522594e-02 3.41292405e-02 2.94616969e-02 2.11741826e-02 5.03052398e-02 4.63979089e-02 1.51174806e-01 2.46014036e-02
 1.00003017e-01 4.31838359e-01 4.74113229e-02 5.22185180e-02 3.18876912e-02 2.56240306e-02 7.34421391e-02 1.02040193e-01 9.13796672e-02 4.41550621e-02
 1.02673187e-01 4.36242009e-01 5.72788258e-02 4.23328004e-02 2.63205394e-02 2.54740456e-02 8.65299541e-02 8.80099521e-02 1.03049085e-01 3.20896013e-02
 8.23124619e-02 1.22498598e-01 1.56573345e-01 6.12527566e-02 9.00354570e-02 9.92529735e-02 1.22847292e-01 9.90166220e-02 1.32889358e-01 3.33211361e-02
 9.15175667e-02 2.09245175e-01 1.25497131e-01 4.32494131e-02 4.22090709e-02 7.17524498e-02 1.60864057e-01 9.72999256e-02 1.32035820e-01 2.63293912e-02
 1.10123462e-01 4.35871894e-01 4.79147107e-02 4.63191994e-02 2.52816035e-02 2.48261999e-02 8.00053186e-02 9.54670398e-02 9.51883502e-02 3.90022220e-02
 6.49585185e-02 1.04885518e-01 1.17913147e-01 2.52042206e-02 2.83277150e-02 2.76956611e-01 1.54579944e-01 9.49921633e-02 1.16231165e-01 1.59509972e-02
 9.69082692e-02 4.27024631e-01 4.50593323e-02 5.47166902e-02 2.87462332e-02 2.81660686e-02 7.42242991e-02 1.11190321e-01 8.81365746e-02 4.58275807e-02
 7.27492906e-02 2.74018052e-01 5.11339995e-02 1.26357544e-01 4.59279222e-02 4.87730674e-02 7.41253061e-02 1.17515120e-01 9.07023393e-02 9.86973591e-02
 9.67366226e-02 3.97064339e-01 6.70544842e-02 4.24493024e-02 2.47577888e-02 3.45732955e-02 1.08422981e-01 8.99261296e-02 1.07842506e-01 3.11725502e-02
 7.93377866e-02 3.10073473e-01 7.97672718e-02 5.93826224e-02 5.58707855e-02 4.78664796e-02 9.24896413e-02 1.38333698e-01 9.90118624e-02 3.78663794e-02
 4.80017994e-02 6.68142970e-02 3.41514903e-01 3.61651315e-02 5.55223292e-02 1.04298314e-01 1.01568072e-01 9.92855012e-02 1.26712307e-01 2.01173452e-02
 4.78551463e-02 5.36314807e-02 3.06308430e-01 2.89309729e-02 6.94914712e-02 1.42703452e-01 1.67279341e-01 6.46104575e-02 1.04817247e-01 1.43720022e-02
 4.96622996e-02 6.63714221e-02 2.86734753e-01 2.65478413e-02 6.50955545e-02 1.67861726e-01 1.21767930e-01 9.17262113e-02 1.10496292e-01 1.37359710e-02
 4.62809152e-02 5.85970495e-02 3.46806241e-01 3.04584815e-02 5.78998968e-02 1.31398187e-01 1.24295084e-01 8.63591427e-02 1.02443906e-01 1.54610970e-02
 4.52204627e-02 6.51826516e-02 3.43761451e-01 3.39584468e-02 4.82277454e-02 1.18002696e-01 1.32502903e-01 8.95020640e-02 1.05763342e-01 1.78782382e-02
 5.55842988e-02 6.28446918e-02 2.53497671e-01 3.33801921e-02 4.89312841e-02 1.30207854e-01 2.06847638e-01 7.23539896e-02 1.19944145e-01 1.64082351e-02
 5.21774907e-02 9.65138727e-02 3.15189358e-01 3.93857860e-02 3.90341739e-02 7.46898623e-02 1.27075215e-01 9.73560544e-02 1.34631599e-01 2.39465873e-02
 6.87964852e-02 1.19195053e-01 2.20618814e-01 4.93698265e-02 2.69112462e-02 6.33339184e-02 1.38246609e-01 8.86521139e-02 1.87619556e-01 3.72563776e-02
 7.78379852e-02 1.54038050e-01 1.93054142e-01 4.82748197e-02 2.92932103e-02 5.45531625e-02 1.36005544e-01 9.37266144e-02 1.77818816e-01 3.53976554e-02
 4.53468628e-02 4.80663157e-02 3.48062154e-01 2.80369672e-02 7.18980000e-02 1.46254490e-01 1.24195431e-01 6.61507251e-02 1.06797423e-01 1.51916308e-02
 2.55159697e-02 3.84113191e-02 2.70564339e-02 3.25681623e-01 1.72192314e-02 1.78202569e-02 2.18745010e-02 6.53277675e-02 4.44289631e-02 4.16663935e-01
 5.87073647e-02 7.67258290e-02 1.64180875e-01 1.41672055e-01 6.42799908e-02 6.48784141e-02 8.05243713e-02 1.49276669e-01 1.40314403e-01 5.94400289e-02
 2.86610484e-02 4.87888979e-02 4.03007692e-02 4.28142036e-01 3.23744222e-02 2.56058608e-02 3.29337173e-02 7.88907036e-02 5.31352569e-02 2.31167287e-01
 3.75936120e-02 6.49873233e-02 3.96821765e-02 3.45692557e-01 2.34944412e-02 2.42894065e-02 3.83958467e-02 7.55987180e-02 6.47878061e-02 2.85478113e-01
 2.94393743e-02 4.48845895e-02 3.40146247e-02 4.15301939e-01 3.90040391e-02 1.78623355e-02 2.15677941e-02 7.97831738e-02 4.98280663e-02 2.68314063e-01
 3.16920254e-02 5.95050091e-02 3.01603279e-02 3.31094549e-01 2.33981863e-02 2.09927320e-02 3.04757831e-02 7.45472932e-02 5.43070395e-02 3.43827055e-01
 7.53015355e-02 8.86543455e-02 6.96720436e-02 1.76385199e-01 2.33215875e-02 3.90312834e-02 6.09461415e-02 1.15653707e-01 1.35820237e-01 2.15213919e-01
 5.95422840e-02 7.99974077e-02 5.69949272e-02 2.00653826e-01 2.91951066e-02 4.84616590e-02 5.89370398e-02 8.51406862e-02 1.20729812e-01 2.60347252e-01
 2.92864514e-02 5.17256030e-02 3.45922183e-02 3.93509305e-01 2.84007037e-02 2.79713499e-02 3.09604996e-02 8.76016903e-02 5.20684555e-02 2.63883723e-01
 6.00361066e-02 8.94351167e-02 5.65471730e-02 2.53174680e-01 3.02568082e-02 5.88021005e-02 6.53083229e-02 1.26952968e-01 9.37653534e-02 1.65721371e-01
 7.34235708e-02 6.39556986e-02 1.54927200e-01 4.16149913e-02 3.13994579e-01 9.44337798e-02 6.06696829e-02 8.68381046e-02 8.91804384e-02 2.09619544e-02
 4.81470755e-02 9.09686340e-02 8.73244107e-02 7.45623491e-02 3.33373092e-01 8.11563721e-02 8.54856590e-02 8.30313573e-02 7.84508176e-02 3.75002327e-02
 5.50631969e-02 4.95374611e-02 1.54931431e-01 3.71394851e-02 3.28834496e-01 1.34443010e-01 5.38392495e-02 9.23258723e-02 7.59329493e-02 1.79528489e-02
 9.19185811e-02 1.57272850e-01 1.02991317e-01 5.33167884e-02 1.27043416e-01 9.86897852e-02 9.52728168e-02 1.41403939e-01 1.03833414e-01 2.82570931e-02
 7.76640659e-02 7.14178035e-02 1.71059453e-01 4.75103293e-02 2.28043914e-01 1.14971733e-01 5.35341736e-02 1.11999462e-01 9.80918536e-02 2.57072124e-02
 4.74713598e-02 5.25705414e-02 1.81783866e-01 4.38212995e-02 2.11695151e-01 1.97858357e-01 6.37970462e-02 9.62184181e-02 8.21681146e-02 2.26158468e-02
 5.90665234e-02 5.46846329e-02 1.54761768e-01 3.70931345e-02 3.07407240e-01 1.35741265e-01 7.45428370e-02 8.05097967e-02 7.90769057e-02 1.71158965e-02
 2.81037913e-02 3.40403355e-02 7.15361744e-02 5.24150483e-02 6.12262263e-01 4.64654038e-02 3.30701305e-02 5.67016575e-02 4.17876686e-02 2.36175275e-02
 4.70977048e-02 5.45366276e-02 1.04633161e-01 5.39314627e-02 4.06309288e-01 1.09083790e-01 5.13933953e-02 8.01420673e-02 6.73685950e-02 2.55039074e-02
 7.29092271e-02 5.32791360e-02 1.77647065e-01 3.94243850e-02 1.47483162e-01 2.24563115e-01 6.78114767e-02 1.02913817e-01 9.20371629e-02 2.19314541e-02
 2.57409646e-02 3.56119812e-02 1.17545084e-01 2.48803172e-02 5.76904443e-02 5.12935592e-01 8.85479387e-02 5.72258834e-02 6.65582276e-02 1.32635677e-02
 2.44308891e-02 3.21261618e-02 9.46897207e-02 1.91692223e-02 4.26742135e-02 5.85142389e-01 8.46796240e-02 4.60557367e-02 5.99960710e-02 1.10359714e-02
 3.51127521e-02 4.15052272e-02 1.29298212e-01 4.23789991e-02 1.39105329e-01 3.46229545e-01 1.04520466e-01 6.05740845e-02 8.10061069e-02 2.02692781e-02
 3.23152225e-02 4.28710528e-02 1.42529922e-01 3.50366426e-02 6.64863893e-02 4.08655261e-01 1.07349693e-01 5.84399693e-02 8.69922287e-02 1.93236191e-02
 2.75337665e-02 3.38303650e-02 1.06729276e-01 2.58376414e-02 6.55593612e-02 5.19772557e-01 9.22662279e-02 4.54933271e-02 6.85380415e-02 1.44394368e-02
 4.57592176e-02 7.59034699e-02 1.23963523e-01 1.17906448e-01 6.71904316e-02 1.77998083e-01 9.43789965e-02 1.07868913e-01 1.17189054e-01 7.18418637e-02
 4.04468681e-02 7.36021863e-02 1.13709179e-01 8.42471046e-02 5.55519119e-02 2.60773735e-01 1.13664256e-01 9.87606200e-02 1.08899675e-01 5.03444640e-02
 2.44259852e-02 3.89388323e-02 8.50769536e-02 1.73606001e-02 3.16049527e-02 5.82651654e-01 1.01016316e-01 4.75799423e-02 6.11587954e-02 1.01859687e-02
 2.72985494e-02 3.51939261e-02 9.05343106e-02 1.66612980e-02 4.37428388e-02 5.60457589e-01 1.11344360e-01 4.30771893e-02 6.25452960e-02 9.14464253e-03
 2.64518987e-02 4.39768366e-02 1.01881518e-01 2.45451097e-02 3.74839020e-02 5.15617904e-01 1.06847187e-01 5.76134403e-02 7.18607574e-02 1.37214461e-02
 4.85517233e-02 7.48327121e-02 1.14408047e-01 2.81705507e-02 2.50554450e-02 1.85402287e-01 3.49738036e-01 4.72001769e-02 1.09568921e-01 1.70721016e-02
 7.75503739e-02 8.09250089e-02 1.16290274e-01 3.80665541e-02 4.28195059e-02 1.74711365e-01 2.57462097e-01 6.26745456e-02 1.28205056e-01 2.12952192e-02
 6.23781534e-02 8.23102556e-02 1.26309229e-01 2.95234060e-02 3.41762030e-02 9.45406344e-02 3.94327353e-01 4.01870710e-02 1.19901954e-01 1.63457410e-02
 4.74225874e-02 1.29647755e-01 1.75303427e-01 4.14232695e-02 3.31101173e-02 1.11636732e-01 2.38693999e-01 7.23297201e-02 1.24193495e-01 2.62388974e-02
 6.07427020e-02 7.80152001e-02 1.82524399e-01 2.63260345e-02 5.62276743e-02 9.80566067e-02 3.23043013e-01 4.08540180e-02 1.20660787e-01 1.35495659e-02
 7.18448608e-02 1.01376745e-01 1.17232954e-01 3.71454318e-02 2.75228353e-02 6.98056657e-02 3.71305579e-01 4.43498490e-02 1.37501106e-01 2.19149726e-02
 7.37117939e-02 9.36118436e-02 1.59189374e-01 3.85047830e-02 4.99672048e-02 7.72647837e-02 3.03512214e-01 5.03363467e-02 1.33496010e-01 2.04056465e-02
 7.27849165e-02 1.20343650e-01 1.11028010e-01 4.69854058e-02 2.51435727e-02 6.41543385e-02 3.36977758e-01 5.14181523e-02 1.41868657e-01 2.92955400e-02
 9.60065552e-02 1.30932429e-01 1.00033830e-01 3.17281242e-02 3.21469050e-02 6.02444783e-02 3.33899807e-01 4.41983171e-02 1.52340472e-01 1.84690825e-02
 7.88869948e-02 9.76812310e-02 1.17279643e-01 2.64759314e-02 3.92792882e-02 1.03342264e-01 3.38754347e-01 4.56822300e-02 1.38165809e-01 1.44522622e-02
 5.32489077e-02 7.43623541e-02 1.50472115e-01 6.42653143e-02 1.36279692e-01 8.28338988e-02 4.82827342e-02 2.61146235e-01 9.58605904e-02 3.32481587e-02
 4.91548573e-02 9.04124875e-02 1.01812412e-01 1.61291079e-01 6.67745017e-02 4.51490943e-02 4.57627164e-02 2.33498227e-01 1.07207276e-01 9.89373484e-02
 5.93703331e-02 7.63546180e-02 1.75113952e-01 4.30285784e-02 1.41710241e-01 1.23977098e-01 6.37790344e-02 2.02922719e-01 9.20123489e-02 2.17310782e-02
 5.83943927e-02 1.41580229e-01 5.23686309e-02 1.21635734e-01 2.76569419e-02 3.44825676e-02 4.49066785e-02 3.49535120e-01 8.49735634e-02 8.44661431e-02
 5.43677449e-02 8.32123346e-02 1.63651991e-01 5.12017987e-02 1.06939711e-01 1.32850722e-01 6.70141522e-02 2.25132699e-01 9.01837343e-02 2.54451125e-02
 5.96216000e-02 1.26067829e-01 6.56945203e-02 1.10722155e-01 3.33116374e-02 3.25898066e-02 4.55619730e-02 3.75048149e-01 8.45024380e-02 6.68798916e-02
 6.57955758e-02 1.48996214e-01 5.25055540e-02 1.74939102e-01 3.15057638e-02 2.44811536e-02 4.42722762e-02 1.73390034e-01 9.92219163e-02 1.84892412e-01
 7.77460218e-02 9.17233955e-02 1.72799715e-01 5.66551346e-02 9.12307160e-02 8.78817408e-02 5.67643588e-02 1.99853950e-01 1.29697867e-01 3.56471011e-02
 8.59325007e-02 1.12349860e-01 1.71618222e-01 4.85140140e-02 5.07933781e-02 8.11155458e-02 6.49397127e-02 2.19257545e-01 1.34263241e-01 3.12159800e-02
 5.17064294e-02 8.51115968e-02 1.35546309e-01 8.48636019e-02 8.08035864e-02 7.20375238e-02 5.91808008e-02 2.82195687e-01 1.05068667e-01 4.34857980e-02
 1.36207810e-01 8.40562247e-02 1.22657716e-01 8.38401777e-02 2.31925336e-02 4.50026533e-02 7.27954307e-02 1.22097538e-01 2.49504804e-01 6.06451118e-02
 1.90233507e-01 7.60126802e-02 1.48396410e-01 3.87607524e-02 2.49447860e-02 4.26504426e-02 7.65091440e-02 7.57416567e-02 2.99599750e-01 2.71508718e-02
 2.96376638e-01 1.58218139e-01 7.02254208e-02 5.14454348e-02 1.85120372e-02 2.44414092e-02 9.07566767e-02 5.93683193e-02 1.86042813e-01 4.46131125e-02
 1.65437114e-01 7.41536007e-02 1.13093995e-01 9.38079561e-02 3.45339727e-02 3.35198235e-02 6.03097788e-02 6.53059556e-02 2.82029123e-01 7.78086810e-02
 1.40106980e-01 6.61322965e-02 1.85823077e-01 6.67837240e-02 4.01741758e-02 4.14124032e-02 6.12411661e-02 8.71704255e-02 2.66196272e-01 4.49594797e-02
 1.42682280e-01 1.63336901e-01 1.01523931e-01 5.92294435e-02 2.86258440e-02 7.99723425e-02 1.18889611e-01 9.08073852e-02 1.74966273e-01 3.99659892e-02
 1.02015818e-01 7.45745281e-02 2.64100462e-01 3.48478666e-02 6.46162708e-02 5.21403747e-02 1.29019966e-01 5.40725814e-02 2.05829021e-01 1.87831110e-02
 9.96001771e-02 1.76232309e-01 1.03503259e-01 3.91963313e-02 2.21126041e-02 1.13993897e-01 1.80344674e-01 8.63949879e-02 1.51483417e-01 2.71383436e-02
 1.13118037e-01 8.25095720e-02 1.54780832e-01 6.98120728e-02 3.27798416e-02 8.24939093e-02 6.88074889e-02 1.42341462e-01 2.04246571e-01 4.91102132e-02
 1.43168097e-01 7.64441004e-02 1.26492438e-01 4.71395256e-02 2.32804348e-02 7.91145478e-02 8.79132347e-02 7.37711793e-02 3.08101855e-01 3.45745871e-02
 2.35483633e-02 2.85841119e-02 2.49106929e-02 2.38531119e-01 1.75248684e-02 1.33781132e-02 1.52002560e-02 5.26340006e-02 4.19941053e-02 5.43694369e-01
 3.30255446e-02 3.26526415e-02 3.36106555e-02 2.51081449e-01 1.99621802e-02 1.95695089e-02 2.10512113e-02 5.50527780e-02 5.65066089e-02 4.77487422e-01
 7.28401800e-02 5.78564242e-02 7.16768713e-02 1.96087624e-01 3.09740232e-02 4.62151595e-02 4.04476953e-02 1.13907596e-01 1.23169889e-01 2.46824539e-01
 8.56491872e-02 7.29505613e-02 1.23896838e-01 7.92926059e-02 3.84045622e-02 1.11401879e-01 6.13607411e-02 1.57807606e-01 2.02637768e-01 6.65982514e-02
 9.04586741e-02 8.37904933e-02 1.48437292e-01 5.96924613e-02 3.62445870e-02 9.32177873e-02 6.16522938e-02 2.02010322e-01 1.76895100e-01 4.76009890e-02
 2.80832567e-02 4.16967654e-02 2.41602017e-02 2.27580297e-01 1.50885109e-02 1.61203126e-02 2.01477503e-02 5.43712577e-02 4.52175218e-02 5.27534126e-01
 4.00350240e-02 3.43480890e-02 4.35172246e-02 2.53557762e-01 2.80524463e-02 2.30984235e-02 2.30832578e-02 6.15446925e-02 7.28656866e-02 4.19897394e-01
 5.15525246e-02 8.56961984e-02 4.72018560e-02 2.03225412e-01 1.97641754e-02 4.01406456e-02 4.43253954e-02 1.31734631e-01 8.03496258e-02 2.96009536e-01
 8.29072535e-02 8.90680019e-02 1.29086345e-01 5.43642178e-02 2.82994574e-02 1.45782950e-01 8.07194453e-02 1.86231830e-01 1.59955346e-01 4.35851537e-02
 7.68522311e-02 1.09137122e-01 1.10354979e-01 6.72976956e-02 2.62289912e-02 1.13329483e-01 7.49434776e-02 2.33827641e-01 1.28827231e-01 5.92011484e-02
